0 0.373148 0.576852 0.189815 0.224074
0 0.220370 0.512037 0.162037 0.224074
1 0.600000 0.595370 0.115741 0.094444
2 0.781713 0.606481 0.108796 0.127778
2 0.874306 0.650000 0.118056 0.140741
2 0.698380 0.618519 0.090278 0.129630
2 0.355787 0.930556 0.627315 0.138888
3 0.488889 0.807407 0.236111 0.118519
4 0.176389 0.654630 0.129630 0.079630
1 0.532870 0.574074 0.064815 0.081481
1 0.483102 0.594444 0.053241 0.081481
5 0.134722 0.258333 0.250000 0.090741
6 0.543287 0.187037 0.159722 0.214815
6 0.936574 0.213889 0.126852 0.161111