1 0.381551 0.360185 0.041621 0.038889
1 0.349490 0.397826 0.037037 0.045894
1 0.417660 0.395813 0.033816 0.045089
1 0.406924 0.439694 0.038111 0.044283
1 0.370227 0.443011 0.030989 0.042866
1 0.383575 0.401852 0.040794 0.041063
1 0.331508 0.442512 0.042941 0.048309
1 0.512936 0.514976 0.034353 0.041868
1 0.508374 0.558857 0.039184 0.052335
1 0.541116 0.565298 0.029522 0.053945
1 0.568760 0.562480 0.021471 0.048309
9 0.722222 0.444547 0.027435 0.066872
9 0.750343 0.446091 0.023320 0.074074
9 0.776406 0.446605 0.023320 0.070988
9 0.803155 0.448148 0.026063 0.063786
9 0.832305 0.452263 0.034979 0.069959
9 0.842250 0.118827 0.030178 0.064815
9 0.808985 0.132716 0.030864 0.051440
9 0.779150 0.137346 0.024691 0.054527
9 0.747257 0.143004 0.030864 0.049383
9 0.719822 0.149177 0.029492 0.051440
8 0.499657 0.354938 0.054184 0.063786
10 0.637037 0.429630 0.045267 0.072531
10 0.580195 0.425772 0.049897 0.075617
10 0.510054 0.684792 0.052619 0.081033
2 0.349743 0.535494 0.029321 0.046296
2 0.334311 0.561728 0.035494 0.043210
2 0.365175 0.567130 0.023148 0.032407
11 0.419852 0.533704 0.127407 0.111852
11 0.620346 0.537407 0.076049 0.092593
6 0.239259 0.158148 0.045926 0.228889
6 0.274272 0.188370 0.036543 0.175556