10 0.161111 0.539936 0.157005 0.120773
10 0.304227 0.541948 0.136473 0.103865
10 0.452174 0.521820 0.152174 0.070048
1 0.864614 0.543156 0.071256 0.046699
1 0.820531 0.565700 0.067633 0.049919
1 0.743237 0.554026 0.072464 0.042673
1 0.719686 0.537118 0.059179 0.037842
1 0.859783 0.708776 0.092995 0.049114
5 0.799396 0.284138 0.254831 0.034622
5 0.788527 0.268035 0.158213 0.036232
5 0.750483 0.267230 0.207729 0.068438
7 0.772222 0.197987 0.079710 0.095813
7 0.697343 0.208857 0.072464 0.093398
12 0.140580 0.222544 0.106280 0.061192
12 0.232367 0.220934 0.091787 0.062802
12 0.141184 0.274477 0.083333 0.057166
12 0.222705 0.276892 0.082126 0.050725
9 0.420169 0.270853 0.051932 0.054750
9 0.300604 0.276087 0.044686 0.055556
9 0.362802 0.273269 0.055556 0.059581
13 0.502295 0.282528 0.158213 0.031401
16 0.195000 0.430556 0.272222 0.090741