8 0.743885 0.748148 0.095389 0.503704
7 0.648497 0.772222 0.074764 0.437037
1 0.346589 0.322222 0.074309 0.074074
10 0.300714 0.386492 0.072034 0.100218
10 0.371990 0.396296 0.067485 0.080610
10 0.147926 0.313508 0.072793 0.076253
12 0.071342 0.178976 0.063693 0.114379
12 0.127832 0.179521 0.055353 0.113290
12 0.182806 0.180610 0.059144 0.104575
5 0.264697 0.180610 0.104639 0.117647
9 0.429618 0.193682 0.035638 0.076253
9 0.386776 0.194227 0.030330 0.075163
9 0.344693 0.193137 0.037155 0.092593
14 0.354597 0.804630 0.177887 0.172222
14 0.265009 0.829630 0.161129 0.114815
15 0.160597 0.559259 0.207534 0.140741
16 0.419693 0.866667 0.155973 0.188889