8 0.083580 0.769444 0.058025 0.179630
8 0.129877 0.760185 0.041975 0.198148
7 0.884198 0.588889 0.069136 0.244444
7 0.955185 0.578704 0.077778 0.235185
8 0.541221 0.497531 0.061043 0.090535
8 0.509671 0.569033 0.059671 0.083333
8 0.569342 0.563889 0.055556 0.079218
8 0.656104 0.024691 0.045267 0.049382
8 0.684568 0.069959 0.040466 0.049383
8 0.639300 0.073560 0.048697 0.058642
8 0.613923 0.128601 0.050069 0.063786
8 0.663306 0.122428 0.044582 0.067901
8 0.710288 0.122942 0.048011 0.058642
1 0.500069 0.292901 0.048697 0.052469
1 0.496296 0.347942 0.042524 0.057613
10 0.545336 0.321193 0.054184 0.098765
10 0.596091 0.331481 0.048697 0.084362
11 0.676337 0.292387 0.109053 0.162551
11 0.686523 0.784568 0.112140 0.160494
0 0.623663 0.547299 0.057613 0.135031
4 0.320617 0.828765 0.033333 0.054321
4 0.350658 0.817963 0.030864 0.048765
14 0.382346 0.396296 0.104938 0.155556
16 0.290988 0.113889 0.085185 0.101852
17 0.290988 0.429630 0.077778 0.118519