10 0.093148 0.860185 0.143028 0.216667
10 0.219183 0.862963 0.143028 0.200000
10 0.370708 0.841667 0.160022 0.209259
1 0.245381 0.595370 0.076471 0.120370
1 0.202898 0.542593 0.062309 0.066667
1 0.165370 0.581481 0.089216 0.140741
1 0.076155 0.594444 0.089216 0.125926
1 0.049956 0.543519 0.065142 0.079630
9 0.933617 0.254630 0.090632 0.138889
9 0.861394 0.231481 0.065142 0.125926
9 0.802625 0.212037 0.075054 0.131481
1 0.496336 0.797559 0.065657 0.079966
1 0.506635 0.912879 0.047633 0.068182
1 0.559096 0.845118 0.059863 0.074074
1 0.571970 0.911616 0.045702 0.058923
1 0.616063 0.867003 0.060507 0.070707
1 0.637304 0.805135 0.059220 0.066498
1 0.657903 0.910774 0.046346 0.079125
1 0.667880 0.852694 0.041840 0.062290
1 0.703605 0.779882 0.052783 0.073232
8 0.931405 0.740741 0.137190 0.518518
15 0.525065 0.537037 0.219499 0.170370