7 0.730154 0.733224 0.096847 0.279956
8 0.663712 0.700000 0.063063 0.294118
9 0.289838 0.624292 0.045045 0.053377
9 0.304478 0.592157 0.038288 0.047930
9 0.254365 0.595425 0.032658 0.043573
9 0.208757 0.594336 0.033784 0.043573
9 0.191865 0.621569 0.047297 0.054466
9 0.236347 0.616122 0.037162 0.065359
5 0.448622 0.455991 0.103604 0.080610
10 0.462136 0.710893 0.103604 0.076253
10 0.200311 0.745752 0.077703 0.091503
10 0.279703 0.721242 0.085586 0.092593
1 0.352901 0.734858 0.083333 0.061002
1 0.422721 0.755011 0.067568 0.070806
1 0.461573 0.784967 0.066441 0.063181