7 0.131358 0.745370 0.130864 0.298148
7 0.249876 0.751852 0.120988 0.318519
8 0.726420 0.750000 0.155556 0.314815
8 0.867160 0.752778 0.120988 0.312963
6 0.121481 0.401852 0.096296 0.174074
6 0.212839 0.403704 0.096296 0.170370
6 0.326420 0.404630 0.101235 0.164815
6 0.431358 0.410185 0.098765 0.172222
6 0.122716 0.095370 0.108642 0.101852
6 0.222716 0.104630 0.101235 0.101852
6 0.320247 0.102778 0.113580 0.090741
6 0.426420 0.108333 0.108642 0.098148
9 0.172099 0.281481 0.074074 0.074074
9 0.233827 0.281481 0.074074 0.070370
9 0.321481 0.285185 0.086420 0.070370
9 0.380741 0.289815 0.081481 0.072222
9 0.444938 0.289815 0.086420 0.075926
9 0.511605 0.283333 0.091358 0.074074
9 0.575802 0.283333 0.076543 0.085185
9 0.648642 0.282407 0.079012 0.075926