9 0.073856 0.220370 0.115756 0.085185
9 0.186920 0.208333 0.169596 0.090741
3 0.489770 0.167593 0.403800 0.146296
3 0.803389 0.156481 0.325732 0.187037
1 0.830309 0.810185 0.223436 0.120370
1 0.922557 0.900926 0.154885 0.094444
1 0.753587 0.897222 0.204592 0.105556
7 0.876073 0.706481 0.196516 0.316667
7 0.656675 0.724074 0.183056 0.355556
8 0.240760 0.744444 0.142676 0.370370
8 0.106160 0.747222 0.153444 0.401852
2 0.534188 0.864815 0.158828 0.114815
2 0.410356 0.866667 0.131908 0.114815
2 0.380744 0.916667 0.185748 0.107407
5 0.139810 0.403704 0.247664 0.133333
12 0.357862 0.397222 0.193824 0.161111